url=Stadium/ZZZ/XXX/YYY.png
minzoom=14
maxzoom=15
center=-123.084068 44.958060
type=tms
